# name: debug
# type: sparse matrix
# nnz: 144
# rows: 12
# columns: 12

1 1 0.250919797
2 1 -0.244838061
3 1 3.974583190
4 1 -2768021.602947218
5 1 1901509.042752736
6 1 145172.284388076
7 1 0.000000000
8 1 -0.002533926
9 1 -0.027030117
10 1 -91564.722038455
11 1 9943.965416519
12 1 245.336370504
1 2 -0.244838061
2 2 0.238926362
3 2 -3.889166101
4 2 2732988.740922123
5 2 -1917452.802703281
6 2 -143181.240945711
7 2 0.000000000
8 2 0.003421409
9 2 0.036574386
10 2 123854.341247865
11 2 -13660.582291440
12 2 -293.184231502
1 3 3.974583190
2 3 -3.889166101
3 3 409.385028881
4 3 -1070272395.393706083
5 3 2021053815.650982141
6 3 50714307.861783765
7 3 0.000000000
8 3 -30.609187220
9 3 -326.885282754
10 3 -1107143546.142779350
11 3 121249942.026315734
12 3 2777431.289542847
1 4 -2768021.602947218
2 4 2732988.740922123
3 4 -1070272395.393706083
4 4 3071787181453340.000000000
5 4 -5920022340234523.000000000
6 4 -145051376831533.093750000
7 4 0.000000000
8 4 90602889.349954143
9 4 967576808.526399374
10 4 3277128304538167.000000000
11 4 -358897971062090.000000000
12 4 -8221354454523.347656250
1 5 1901509.042752736
2 5 -1917452.802703281
3 5 2021053815.650982141
4 5 -5920022340234523.000000000
5 5 11456682154947912.000000000
6 5 279346490154058.468750000
7 5 0.000000000
8 5 -175705738.236042261
9 5 -1876417077.037041903
10 5 -6355330003897508.000000000
11 5 696008105720078.125000000
12 5 15943589118619.716796875
1 6 145172.284388076
2 6 -143181.240945711
3 6 50714307.861783765
4 6 -145051376831533.093750000
5 6 279346490154058.468750000
6 6 6850264663128.019531250
7 6 0.000000000
8 6 -4273702.802662399
9 6 -45640273.201623812
10 6 -154581059869291.406250000
11 6 16929241196502.236328125
12 6 387771829668.693481445
1 7 0.000000000
2 7 0.000000000
3 7 0.000000000
4 7 0.000000000
5 7 0.000000000
6 7 0.000000000
7 7 0.000000000
8 7 0.000000000
9 7 0.000000000
10 7 0.000000000
11 7 0.000000000
12 7 0.000000000
1 8 -0.002533926
2 8 0.003421409
3 8 -30.609187220
4 8 90602889.349954143
5 8 -175705738.236042261
6 8 -4273702.802662399
7 8 0.000000000
8 8 2.697547140
9 8 28.807947566
10 8 97571027.640285954
11 8 -10685540.570120825
12 8 -244780.593043742
1 9 -0.027030117
2 9 0.036574386
3 9 -326.885282754
4 9 967576808.526399374
5 9 -1876417077.037041903
6 9 -45640273.201623812
7 9 0.000000000
8 9 28.807947566
9 9 307.649268788
10 9 1041992174.439394951
11 9 -114114820.385641649
12 9 -2613989.659150726
1 10 -91564.722038455
2 10 123854.341247865
3 10 -1107143546.142779350
4 10 3277128304538167.000000000
5 10 -6355330003897508.000000000
6 10 -154581059869291.406250000
7 10 0.000000000
8 10 97571027.640285954
9 10 1041992174.439394951
10 10 3529178523607202.000000000
11 10 -386500453562826.062500000
12 10 -8853445771587.958984375
1 11 9943.965416519
2 11 -13660.582291440
3 11 121249942.026315734
4 11 -358897971062090.000000000
5 11 696008105720078.125000000
6 11 16929241196502.236328125
7 11 0.000000000
8 11 -10685540.570120825
9 11 -114114820.385641649
10 11 -386500453562826.062500000
11 11 42329627053590.500000000
12 11 969314681771.189941406
1 12 245.336370504
2 12 -293.184231502
3 12 2777431.289542847
4 12 -8221354454523.347656250
5 12 15943589118619.716796875
6 12 387771829668.693481445
7 12 0.000000000
8 12 -244780.593043742
9 12 -2613989.659150726
10 12 -8853445771587.958984375
11 12 969314681771.189941406
12 12 22264053009.712734222
